0 1161.9462380571015
1 283.5115200835274
2 237.9089600879146
3 219.54249365019746
4 235.13072092511436
5 211.37497371735188
6 227.32734177986242
7 426.07462983947056
8 359.25849657484554
9 470.0592771896172
10 318.098085773496
11 141.89580000922166
12 17.783040151472346
13 16.07753437031759
14 -42.6957701449799
15 -34.722090892663275
16 -45.345553163219826
17 -44.34956597019778
18 -45.7327234546853
19 -40.96914945435639
20 -46.636604468683316
21 -32.56239823318424
22 -33.964617931168966
23 -39.88753564053544
24 -26.966008393930494
25 -45.53509398667187
26 -24.294165818168707
27 -38.64137217297082
28 -28.78109908891335
29 -19.3317244988585
30 -15.318083370926399
31 -34.36130589434029
32 -37.0930887250397
33 -20.27111622083096
34 -30.017554698207142
35 -15.216895402452495
36 -2.587130423777828
37 -18.393235516730783
38 -1.04934884023037
39 -17.50955369039745
40 -0.6192188840126622
41 -4.273664474127137
42 -8.207852930346974
43 -13.31991570689518
44 6.075992260433332
45 -1.2223374173735042
46 -6.997650697425709
47 20.79582613595736
48 13.34737018705955
49 6.438705237375737
50 11.46243794051655
51 14.550615776584232
52 1.1244596654105443
53 -5.756011990475198
54 -7.875180527167434
55 6.9495246074438475
56 -4.926513088158994
57 -2.0987792235061837
58 9.90857585873517
59 -16.3300942765907
60 -8.42268146990598
61 -18.10371890658236
62 -13.302976697108559
63 -11.643907109935613
64 -5.865218672775624
65 -5.686702568743328
66 -33.12081201189413
67 -36.60064035706051
68 -39.19365107535445
69 -29.13764192532217
70 -31.78992971063429
71 -19.234611738753582
72 -38.55838977352983
73 -32.25255757928743
74 -39.98593503834175
75 -41.62063559727849
76 -31.576197561102454
77 -33.03498526918783
78 -37.29996814209549
79 -43.1595909690439
80 -24.241450262456155
81 -34.15942760927993
82 -42.28925880518361
83 -30.058910569674843
84 -33.5795552556246
85 -34.828656099014935
86 -37.64414472997574
87 -45.877724809105494
88 -31.00120332722352
89 -30.53363057110731
90 -35.54375648008761
91 -19.52547793747807
92 -35.52843675834904
93 -27.5880709767086
94 -36.19126901968644
95 -47.79999404646081
96 -35.41095655649348
97 -40.1303076014077
98 -39.663827926772534
99 -46.69858820505526
100 -40.24858251114733
101 -39.89184136383349
102 -47.79042762638153
103 -41.76856260737698
104 -39.049512530615544
105 -43.717242951835374
106 -52.9919041777095
107 -44.1952618565081
108 -43.73241710432022
109 -48.753157714891316
110 -42.240475666858245
111 -50.968707623547694
112 -41.93481391760816
113 -44.9402818840751
114 -48.23164896729364
115 -53.76454164478406
116 -51.09561100279026
117 -42.61919384612192
118 -56.063308873391385
119 -45.00755998921231
120 -42.91437080192445
121 -46.58405561986392
122 -49.2874311177531
123 -44.867213429608505
124 -42.92741871561052
125 -50.62114154519749
126 -52.66206630125838
127 -50.111955645627795
128 -54.28082083483458
129 -45.6380183768414
130 -43.38120723999861
131 -45.361936322355824
132 -53.560616828565806
133 -42.674852318727005
134 -44.877182713516554
135 -44.814101376821625
136 -52.79690093543169
137 -41.903049070536184
138 -44.01975553935279
139 -50.46457052640707
140 -45.692301760681005
141 -49.00448024590799
142 -54.40703873109675
143 -44.90424926851223
144 -48.365961841564456
145 -44.53073341698164
146 -49.67235456464416
147 -48.77589287355202
148 -49.871415136643044
149 -48.900669843330306
150 -51.48764340892148
151 -55.01156060363773
152 -36.21795057078227
153 -47.57043378838082
154 -48.369319454912414
155 -49.110484427626176
156 -44.150995604058394
157 -43.27583164662391
158 -42.79943976112227
159 -49.90587444705976
160 -49.74608680596084
161 -44.86824778825313
162 -46.16419225881199
163 -43.921135406772734
164 -42.299403795902435
165 -48.398812464785856
166 -49.1443165869618
167 -47.07011835417606
168 -42.45744537224668
169 -42.556669593272126
170 -42.15992323259562
171 -45.4272267990245
172 -46.0304571383513
173 -50.64582473150714
174 -52.08474389381004
175 -47.99442140184682
176 -49.4210914982896
177 -43.07631611257232
178 -54.535143143517175
179 -53.496116305118875
180 -43.41586404924632
181 -51.16780601123264
182 -45.8947906769813
183 -45.6175012538644
184 -48.05194572420036
185 -51.678858209754964
186 -51.798026163950496
187 -42.07347044229849
188 -42.9064694603965
189 -44.63337623239095
190 -48.41691058014484
191 -54.40934021660792
192 -51.76202674528808
193 -43.82441901939558
194 -50.85800244158362
195 -49.07288811073452
196 -42.672629250071516
197 -48.85195258068252
198 -44.29442224640081
199 -43.76023666839445
200 -42.23781660343669
201 -47.29264576351152
202 -43.854193593734415
203 -53.43063738023903
204 -55.881642737161584
205 -50.05002358669522
206 -49.85137693808837
207 -50.169041258062386
208 -55.778826827155015
209 -45.67102819501051
210 -50.404065339258544
211 -45.00596296104484
212 -52.12657184079002
213 -49.622951504727254
214 -43.285351369211
215 -54.23310214441258
216 -44.676666479800204
217 -42.99714860308687
218 -44.69174456135924
219 -44.998379699327636
220 -51.59113805893568
221 -47.524248266008826
222 -42.299378783021865
223 -43.68765892382975
224 -50.911683678884216
225 -49.47892917120804
226 -53.37583612268073
227 -46.018723346308974
228 -46.57778906395471
229 -53.27827630580974
230 -51.51984176994252
231 -52.734455887550304
232 -44.77963840639827
233 -42.62505831271584
234 -51.2147183858348
235 -44.74935228066151
236 -48.97565499389411
237 -41.673934533508245
238 -45.59170942404984
239 -49.77363074375259
240 -42.22276398641911
241 -54.51595680036752
242 -46.05926554540945
243 -43.66005098319798
244 -53.86789611138194
245 -48.753256701777666
246 -51.90500329204735
247 -44.76023035754477
248 -43.30831567945266
249 -52.59401588690576
250 -48.86763146669517
251 -47.97310491963738
252 -47.709745924265185
253 -51.72821031934093
254 -51.50321912691453
255 -47.64538388040564
256 -48.623510970438
257 -42.18265660215285
258 -46.21197179629434
259 -54.45718266951853
260 -45.37699645916451
261 -49.76169596450546
262 -41.685971206582614
263 -46.96508345474405
264 -46.31399095282997
265 -43.98617448682853
266 -47.83264850604765
267 -45.30015107892134
268 -49.89284348898602
269 -45.72658212581304
270 -43.40536323753609
271 -50.77613907645954
272 -44.85393845136849
273 -45.575682273775165
274 -51.04354152481663
275 -41.800989600269745
276 -47.815711413214544
277 -50.747838182941045
278 -49.58392423565576
279 -49.068743737977336
280 -46.01471122340356
281 -46.150847313372516
282 -42.2573536826428
283 -51.15855070128177
284 -42.2364152574195
285 -51.505501921393446
286 -47.43237304781345
287 -42.81950861330443
288 -48.580430182145975
289 -45.557652346124016
290 -51.58441695264437
291 -49.00314371566138
292 -51.02235497431905
293 -48.07039662316218
294 -49.25429688466054
295 -47.44413868588358
296 -45.86583477797079
297 -46.02251442039662
298 -52.571136677164475
299 -43.599065523133454
300 -48.63820503647191
301 -43.96977934882323
302 -47.65127878234547
303 -44.30165452188086
304 -41.43937179103204
305 -43.63940455406041
306 -45.77887104423874
307 -48.342052173520244
308 -51.763012670488905
309 -46.64173128348433
310 -52.72066244931749
311 -52.947119129176805
312 -41.875768726751765
313 -49.73149496156111
314 -44.630179240115794
315 -53.639156745758214
316 -43.076871412599225
317 -47.85282891964591
318 -42.61627513118794
319 -44.39915194173937
320 -46.420222830855785
321 -53.765241164211034
322 -49.17700837047484
323 -46.389525495175306
324 -45.36255900304023
325 -42.86337441796303
326 -46.117746146268175
327 -52.61372354721027
328 -48.74864295429059
329 -47.79785245949782
330 -42.447513125255405
331 -44.66949179029194
332 -42.156801747744865
333 -45.28337919401446
334 -51.47073949890355
335 -50.55158920970956
336 -42.2320464107022
337 -50.69184027291391
338 -42.04499386743032
339 -48.522306390649874
340 -44.60486713958248
341 -47.04715721001525
342 -50.091674052682876
343 -48.832008280178165
344 -51.55410184239602
345 -52.76777073328479
346 -49.560882686704176
347 -48.68568383962775
348 -53.503961827239415
349 -47.54718601668971
350 -50.065055130649235
351 -46.825863035564296
352 -45.21556423495051
353 -48.120188414765025
354 -49.2886809400644
355 -53.035881770370494
356 -49.63708883208751
357 -46.76108758557402
358 -51.661504359726145
359 -52.32727474772267
360 -45.72500305996102
361 -42.020778602221085
362 -45.56973451399063
363 -49.214131968189335
364 -48.870981092372176
365 -45.9567925150066
366 -43.974745586718385
367 -44.572141626059725
368 -47.27544614016465
369 -44.402116190254176
370 -47.99904244770825
371 -47.903471844215055
372 -46.40090582239761
373 -45.43483512321557
374 -46.645826228595034
375 -45.72630445956179
376 -47.5107477985502
377 -51.15504364161252
378 -43.8320621515778
379 -45.220808807777814
380 -52.17756898476497
381 -51.79879820208117
382 -45.95591390555683
383 -46.83777192362663
384 -44.7479590682326
385 -44.878694327286375
386 -45.15856407433606
387 -47.01837914943453
388 -46.852420551345695
389 -42.69794347004451
390 -48.22504811173487
391 -43.09544253234471
392 -44.01826999460545
393 -50.620322393398105
394 -49.96725300623866
395 -45.89437194919755
396 -47.05968056091379
397 -44.92669524212567
398 -50.62666885610131
399 -42.43032838377082
400 -43.18272901069231
401 -46.80675023715658
402 -49.6044139584006
403 -42.90424407528022
404 -47.012299348276436
405 -48.57902089574027
406 -46.516357950006636
407 -46.15636544490658
408 -47.80595803222867
409 -52.478965149373415
410 -42.42691512526315
411 -47.142197870360434
412 -50.657179375221894
413 -53.27324963030149
414 -43.28768732665077
415 -48.102134841667535
416 -51.558407842917816
417 -43.912717209141725
418 -46.58430653721145
419 -45.56071635996356
420 -48.85248126113895
421 -46.96142504617277
422 -50.37322645866744
423 -48.00045235553281
424 -44.78990375745007
425 -42.99728196487182
426 -47.53238731374739
427 -45.70414347276882
428 -47.64245653482517
429 -50.74377663815471
430 -48.70096901975382
431 -44.49504985829006
432 -50.45154195837454
433 -50.70829505074978
434 -45.40020216026209
435 -49.24325107647434
436 -46.59027160297687
437 -54.69519956415579
438 -48.90999575913362
439 -47.07620432849388
440 -52.98089440683505
441 -53.437070668639045
442 -48.24483374291216
443 -45.437626849704785
444 -52.140516682444805
445 -48.53469407331771
446 -49.31914122006148
447 -51.21363729554437
448 -53.226033545065164
449 -47.97919275606873
450 -40.90301339482534
451 -49.51625251785633
452 -48.438589144552985
453 -46.44678397951709
454 -45.8344111160594
455 -49.593557028133475
456 -46.339507074623995
457 -48.48813167819881
458 -49.397437722767535
459 -48.32028012418007
460 -50.01187881010664
461 -50.35196297911454
462 -48.744773428431934
463 -51.8984487186615
464 -41.43216587812923
465 -53.27403791028074
466 -43.72068852681022
467 -50.86026143206158
468 -49.594675718943996
469 -42.24247854133639
470 -44.379912493039136
471 -44.726545422000854
472 -44.24290776489228
473 -42.78012448222518
474 -46.379397006061076
475 -43.614177551800815
476 -43.856197691030346
477 -52.0641530468489
478 -46.647198593477064
479 -48.240952547109075
480 -50.45751023525942
481 -42.778751061169366
482 -46.83611533394944
483 -42.3678126445589
484 -52.68458199255183
485 -48.74146220944333
486 -44.15485967592372
487 -53.154845791773184
488 -48.597813250121604
489 -48.51698605010026
490 -43.954672465744494
491 -50.29738155980968
492 -49.55741934379999
493 -47.76952990650811
494 -45.34423202854384
495 -42.751601092923444
496 -43.0688628136224
497 -54.07481275028345
498 -52.69244209537624
499 -48.43369432984019
500 -54.636569046163885
501 -47.47562834830853
502 -50.641025578535775
503 -51.64690245143974
504 -43.93600716475616
505 -52.719376291262655
506 -48.12664241107691
507 -45.51992592011809
508 -52.304489272815296
509 -47.24028361547616
510 -54.14967578256744
511 -42.935135198391855
512 -47.50512585686138
513 -54.80634041065141
514 -44.57568926657383
515 -50.237278210998134
516 -46.6209915950058
517 -41.73036539325463
518 -46.969928554086934
519 -39.763283919155974
520 -48.88817407040939
521 -47.99093588264072
522 -49.70672200894927
523 -52.29253821151038
524 -50.541234848651655
525 -53.48120568467672
526 -48.7970483316997
527 -47.66246009761773
528 -48.07412317421871
529 -44.83245424096901
530 -54.8688087828686
531 -54.41867277397449
532 -48.089524246382425
533 -52.47962379493044
534 -44.543610089604954
535 -44.05479149117964
536 -47.20085409284809
537 -47.17668102661327
538 -43.37174030517894
539 -40.09002667970105
540 -41.854626829391634
541 -47.301851591543745
542 -43.6065098172029
543 -50.997034843006205
544 -45.904346847804156
545 -44.08096562575747
546 -47.40612902883012
547 -52.922580860518956
548 -44.099662367984884
549 -51.33219187827236
550 -42.27503320282242
551 -51.23287784298534
552 -54.07875805837945
553 -49.45792312303296
554 -49.2957524947341
555 -47.087187053534834
556 -44.55332632494246
557 -44.62823836479684
558 -52.98608862946262
559 -49.53388174290319
560 -45.4049717582474
561 -44.0475073892905
562 -44.457140702327244
563 -50.09740114137756
564 -46.14564703895587
565 -47.91034110722767
566 -44.36288998961216
567 -48.324387053478674
568 -45.86107097001304
569 -44.95883998981289
570 -47.15124760628339
571 -52.455890861083425
572 -41.537821582349316
573 -41.08362364672652
574 -48.14396243601141
575 -43.94930121268279
576 -45.94487982486163
577 -47.19848831436659
578 -49.374788741530075
579 -51.160727334771764
580 -47.88193045708996
581 -48.41502785581351
582 -46.99547317544537
583 -49.80225526980247
584 -45.846421001168764
585 -44.015261685982495
586 -49.26757019637399
587 -50.14547684084134
588 -44.2068736501001
589 -42.69087358262679
590 -46.056829281083886
591 -51.24399209438403
592 -48.79615312113818
593 -49.95986724103254
594 -45.54828414397359
595 -50.29217428751337
596 -50.043426000327294
597 -44.008245840399056
598 -41.111036609824325
599 -46.89412838364475
600 -45.5766264739874
601 -47.26471104148031
602 -48.37131852905648
603 -47.9486490509904
604 -42.46272625982035
605 -43.1382309836093
606 -41.95199179968295
607 -49.06029094823427
608 -42.697728516269464
609 -47.742615807114674
610 -44.91112196755798
611 -42.266839424605095
612 -45.505291589737254
613 -47.69361924452569
614 -47.262867434666234
615 -52.39420084980796
616 -48.703492012951514
617 -41.6973455221724
618 -47.97736669330124
619 -49.5205724546193
620 -46.756817764899125
621 -46.32726703956625
622 -45.87622387940794
623 -47.49470683732044
624 -45.97724842477483
625 -43.246953314930536
626 -48.58837131028294
627 -40.99190864007921
628 -47.69521609617376
629 -51.735497832966
630 -44.028726543808034
631 -41.75063338344593
632 -41.721238972021254
633 -43.87013837557566
634 -46.21107102577166
635 -47.1204411324608
636 -51.51914750225791
637 -46.87569956646294
638 -51.95768827250481
639 -45.66238343948068
640 -52.5145512184028
641 -48.61519098457414
642 -45.32063143270634
643 -41.84354443195193
644 -48.99652402184795
645 -33.968649090576484
646 -48.03949766725967
647 -47.07599558709529
648 -41.97225600879082
649 -53.68330773832026
650 -50.396875222327935
651 -48.28548045730895
652 -45.994614542698436
653 -47.45586714112161
654 -47.014784081617535
655 -48.841281884131334
656 -48.80828265822281
657 -44.891315217532295
658 -41.15607422115262
659 -43.975100005276154
660 -47.95676457314688
661 -46.972645411815755
662 -53.7631824205529
663 -43.394817700843
664 -45.88915011758169
665 -49.78413434519435
666 -43.59193156795164
667 -43.03511674811983
668 -45.79463799031712
669 -43.51432071114666
670 -46.28859914607967
671 -54.36112424381642
672 -49.11479287029299
673 -50.19364157675075
674 -42.63025498812489
675 -49.157793511891455
676 -50.885039708478885
677 -53.92826503794418
678 -51.599494297832635
679 -50.608708216811486
680 -42.783547041826374
681 -49.301372562449956
682 -48.55888141003737
683 -41.86685678500655
684 -52.326697619454805
685 -49.25631582620866
686 -45.17329390322691
687 -42.156945791081895
688 -46.192199293901915
689 -43.419179106439756
690 -42.0423908856135
691 -47.84266204287424
692 -38.768059234697844
693 -41.60800979003705
694 -47.424217911361715
695 -55.186025738858284
696 -43.48724222509614
697 -41.5629020771143
698 -48.17848077625156
699 -52.77767207947457
700 -49.31991374524583
701 -44.87790267424842
702 -50.28880274599629
703 -42.77050032974546
704 -49.99503177614885
705 -43.24685678201607
706 -43.828256586954645
707 -43.643475492520075
708 -49.213865851117376
709 -45.570144668968986
710 -51.566682455052266
711 -43.79551707878971
712 -46.11241917202248
713 -51.586728352683465
714 -50.62440914264211
715 -52.06907729328835
716 -48.02560052378776
717 -53.578334509012464
718 -48.056755014747516
719 -46.17415762977532
720 -43.19380693552865
721 -45.90356688882623
722 -47.46819243859812
723 -44.78799200732012
724 -49.16281446640839
725 -41.474048009843294
726 -42.6152684140675
727 -46.766956745824174
728 -48.34027700779605
729 -45.074173990509955
730 -47.62036317286767
731 -54.39145248824797
732 -51.99062592656635
733 -53.838770102840364
734 -53.021866252153956
735 -42.319916922331
736 -43.63570338814628
737 -44.27152427172503
738 -44.449588458854166
739 -44.55540402185913
740 -45.427511832149676
741 -46.35410115281697
742 -44.15740976042797
743 -42.136832085260146
744 -49.451645558188815
745 -47.114685878070716
746 -43.31280344717371
747 -48.36236816629892
748 -48.23974747274914
749 -47.603876788729906
750 -45.73475392283354
751 -43.33504564517375
752 -43.159389641205614
753 -52.17809516066149
754 -41.703030912062886
755 -53.08889431997007
756 -51.034749200222194
757 -52.04065074956467
758 -44.83996027920235
759 -42.0383972315595
760 -43.47027585403895
761 -51.54927551261495
762 -41.16803592680323
763 -43.77314185705735
764 -43.59250949402074
765 -42.904613389887906
766 -46.354373057818705
767 -45.38228948184762
768 -54.491271495976086
769 -42.93890679786149
770 -42.12642538640251
771 -43.10265573578072
772 -49.253561937411604
773 -55.65283276362354
774 -51.613362469850586
775 -45.048018758836434
776 -45.52359500002207
777 -44.59209913053792
778 -51.10730304188147
779 -43.533257001884294
780 -42.595022461220076
781 -44.13358782718106
782 -46.631554931659856
783 -47.66999769035811
784 -50.76095195273631
785 -46.41664884714402
786 -43.19931193530285
787 -44.11642729164124
788 -43.948303679588186
789 -48.78020712402428
790 -48.31707585207436
791 -47.67416897431758
792 -49.669787044837044
793 -48.45947722161723
794 -49.75438750537867
795 -51.73146450384638
796 -43.4208461142804
797 -44.82116255825617
798 -52.545181004327716
799 -43.8480758070156
0 1097.828886192578
1 1476.614655779089
2 1423.985174695753
3 1025.536544174848
4 1081.7411301287736
5 130.72016715111013
6 758.4854187112185
7 790.8604988408989
8 747.5394457826862
9 463.45715490733704
10 21.93470020877536
11 429.7564339615341
12 374.6816838400799
13 883.0602481924342
14 1078.682481778229
15 1057.0565813932744
16 1259.1545153130007
17 1405.0297800114815
18 1378.6527491133413
19 1330.7983777972095
20 1281.6182176496725
21 1308.5828224265254
22 1341.0020990738487
23 1339.7526792084193
24 1351.608545662523
25 1345.7823720660124
26 1372.0881514876316
27 -30.659458892703494
28 1379.6648623170208
29 1361.519778521121
30 1328.778428242619
31 1415.0236894875566
32 1345.0499673501731
33 1425.1036195751763
34 1393.8115564999855
35 1417.6427339620502
36 1353.4007793993846
37 1339.8232258747016
38 1364.1816619140648
39 1424.654954547344
40 1408.5422019506318
41 1425.1276999375295
42 1417.0728143627218
43 1410.9840873096002
44 1431.6471753453807
45 1422.3564532699738
46 1398.3443648023422
47 1398.105904958438
48 1403.090707067016
49 1393.4392418603945
50 1360.7002263618747
51 1434.731681842841
52 1408.6859725657125
53 1427.524938162187
54 68.67842651187512
55 1306.758863702297
56 1427.8107172293044
57 1405.8719309110386
58 51.54003289071301
59 41.879754764786284
60 28.882909537434315
61 53.715071454391456
62 53.73297448630269
63 86.85895568560152
64 16.797704225557105
65 24.004478051883055
66 18.21532403156126
67 0.9241877808590102
68 13.925277534515121
69 -5.394921486730632
70 -4.105639249060149
71 -6.634649107623519
72 -17.429422818695613
73 -5.659902700963348
74 -9.183404705488535
75 -23.05275849632011
76 -12.542374934688068
77 -17.136377666681994
78 -19.014050555728595
79 -10.521382308841668
80 15.32071152327105
81 1.04684884088749
82 -17.523430755384574
83 -16.859512281216894
84 1.5753916428139743
85 -1.961425440593903
86 -12.911803686154798
87 -1.4403105036306263
88 12.862307384628604
89 10.576970189090716
90 12.944030468675386
91 1383.219957829108
92 -9.020816840526255
93 33.95138339953689
94 1300.493528734656
95 10.742338622201267
96 1315.33061457622
97 12.199056075340893
98 1276.9234922162939
99 74.50803823451139
100 1368.1719985615
101 1320.7864278331826
102 1336.7087533703113
103 1396.443688644321
104 1409.290856502649
105 1417.8588223129793
106 1382.052178302021
107 1435.1387363309943
108 1422.4214416302354
109 1399.641511299712
110 1398.3667586536985
111 1419.8696000886519
112 1403.4198045304383
113 1399.034678587014
114 1417.3565966897218
115 1422.5609741359176
116 1436.6854431745298
117 1433.6364594003162
118 1401.8365631809422
119 1419.976096228175
120 1404.289151902459
121 1397.0501476372524
122 1432.0582373716472
123 1428.4198429175178
124 1449.4170783733894
125 1393.0854455427216
126 1403.2962326252434
127 1458.092017639703
128 1427.6050042340798
129 1437.2427382897924
130 1436.815545510516
131 1444.3346939364867
132 1418.4124600811779
133 1452.9118279763607
134 1429.1782756433538
135 1438.2502190471268
136 1452.864969398264
137 1451.059683863545
138 1449.2958249429207
139 1461.2573233796982
140 1450.8484803177453
141 1411.7552250902593
142 1441.1005179163042
143 1453.0196492274094
144 1443.382009176357
145 1445.538861849589
146 1442.6399039756632
147 1448.4116782071462
148 1445.64064505018
149 1438.989597438439
150 1461.645299196929
151 1446.2132887500347
152 1462.3401902911357
153 1453.8184917301344
154 1465.1588003653612
155 1448.017510569172
156 1458.2935923747748
157 1458.2785824119362
158 1464.1140679353355
159 1471.7380382801734
160 1466.5753685878108
161 1468.6332457889503
162 1464.2783182473993
163 1463.6902877472628
164 1479.602255702219
165 1446.473223801961
166 1484.36506162716
167 1477.215035401224
168 1468.968909420343
169 1481.447279869231
170 1476.4947764098808
171 1490.0731439478552
172 1509.4477224623943
173 1485.1072511807668
174 1501.3909833617865
175 1492.1896745652004
176 1487.2195778527973
177 1497.5054834211487
178 1491.6235061799648
179 1499.9125209683564
180 1493.3667544891548
181 1499.6195607054733
182 1485.2070042300384
183 1498.3674065285647
184 1489.920143217079
185 1492.5219163812599
186 1503.1002576743133
187 1483.438974056292
188 1481.0846966030888
189 1474.8102668828833
190 1493.5263723255166
191 1468.845992080079
192 1494.2679513085543
193 1478.960546401719
194 1480.2353969946596
195 1479.292239429979
196 1483.770518573933
197 1474.7239846328612
198 1467.8222804160437
199 1478.7937623734333
200 1478.5563021315702
201 1470.5268418579824
202 1483.0782962466112
203 1479.0827584152103
204 1481.9274845593548
205 1479.6589926801619
206 1481.6720766694627
207 1469.6408304655138
208 1476.6815807450162
209 1475.5266820586648
210 1483.5170268652644
211 1473.9404586540074
212 1478.8371065025456
213 1489.3056949427648
214 1462.9259941597134
215 1482.5809162598007
216 1477.2642889589351
217 1478.5263395995294
218 1477.6101263338003
219 1485.6968222923292
220 1477.4422915500468
221 1474.3693184064762
222 1481.6612285991503
223 1484.2063070222155
224 1481.2845226887114
225 1490.0223462974134
226 1492.906885215736
227 1477.815580384709
228 1486.4719841223196
229 1476.5980712495548
230 1484.2473249491582
231 1486.6598024821276
232 1484.7860086703781
233 1481.485259452634
234 1482.799645290147
235 1496.2540890555779
236 1509.228483823403
237 1495.8543256780692
238 1486.935514242558
239 1475.556737361614
240 1491.5111926928976
241 1490.9856608556872
242 1491.3240770262514
243 1492.37946749487
244 1501.7382635693864
245 1492.6440488652515
246 1491.212355973781
247 1513.230330583144
248 1502.4015600519604
249 1498.742707149467
250 1505.3970585244326
251 1531.5839223196642
252 1531.7097059435234
253 1531.558314021284
254 1546.725919759408
255 1527.2478225644754
256 1541.627302940406
257 1533.7848159719867
258 1540.1847838252957
259 1536.1714096250478
260 1527.820313114629
261 1537.5436995340954
262 1531.8502736759028
263 1533.81845648126
264 1527.4525254353346
265 1540.757365173705
266 1545.0736404989157
267 1536.4894144022219
268 1544.6367773633328
269 1527.0150091828798
270 1536.6047803177273
271 1548.5870956091414
272 1535.4728426334302
273 1539.868564322805
274 1539.9915366098658
275 1533.939451544389
276 1540.9410471676033
277 1535.1106572908689
278 1531.2398632136224
279 1536.1284505005317
280 1528.7175946237917
281 1532.1585143833959
282 1535.1224719179245
283 1546.7794848628778
284 1535.5592210546613
285 1534.5271114064935
286 1533.6912018335306
287 1532.7141183583446
288 1532.0372749607461
289 1539.1539651546514
290 1534.418633937439
291 1539.946322247823
292 1535.925294093619
293 1531.0537180749295
294 1526.6602458052507
295 1534.2346310139412
296 1536.1178884773371
297 1536.1958980810539
298 1544.132559227588
299 1538.655810804929
300 1542.024022349803
301 1532.5791335725414
302 1540.6430003623825
303 1532.1360639710313
304 1544.3762083606446
305 1539.1982066056903
306 1538.4958144372329
307 1531.9253051705748
308 1533.3548009344775
309 1538.9168999948658
310 1533.5421723182974
311 1533.250655617268
312 1539.267152137331
313 1542.5268195048402
314 1535.1634181671147
315 1534.0275657818581
316 1538.1102673210225
317 1530.3702323833486
318 1537.085521842652
319 1538.952047419174
320 1539.00676704951
321 1537.8725453932052
322 1535.5976270798683
323 1534.6591382424876
324 1529.0943852878495
325 1540.4721502738992
326 1536.7430728182294
327 1545.5950100981463
328 1540.05523236016
329 1537.6089795086975
330 1539.882757263284
331 1535.183869656841
332 1530.353814287265
333 1532.0867022744333
334 1546.4045284492493
335 1548.6378960863683
336 1538.5191080194454
337 1542.4847653199915
338 1542.828940067215
339 1536.3773018484264
340 1530.5164063649293
341 1538.0624430088558
342 1516.7058434368253
343 1521.9272974166454
344 1543.658751428184
345 1539.364350253286
346 1529.9075960438713
347 1535.5113031207416
348 1542.052754361243
349 1529.0606648826201
350 1532.7941749186027
351 1524.434480875401
352 1520.8903847492813
353 1532.650183376861
354 1543.301230303947
355 1527.2025470003562
356 1526.156991388884
357 1533.4605033706198
358 1528.7622971124238
359 1513.5574928081967
360 1529.0907806393404
361 1540.2361320735884
362 1533.148519404871
363 1518.8777308931976
364 1519.8706533180678
365 1523.0685105448667
366 1546.1876991134684
367 1535.7213457767011
368 1518.431426274917
369 1541.4577658790668
370 1530.5926757105376
371 1530.4812963034908
372 1535.5033704986797
373 1538.9874720176056
374 1525.0326404455482
375 1526.6183146966548
376 1530.1402397836357
377 1518.8215513978935
378 1543.0728829487364
379 1542.1849872261098
380 1528.7261232512722
381 1524.1491563332916
382 1524.8320425429915
383 1527.1381436422403
384 1529.892648984838
385 1538.5039945613541
386 1530.9759420481428
387 1541.8125906776065
388 1522.862803191949
389 1530.5729831253764
390 1525.5833688136804
391 1532.2205417640182
392 1530.9573606453587
393 1543.8980107141554
394 1540.1582763386732
395 1532.9640527241536
396 1527.4983066563248
397 1532.4096694637212
398 1539.8319809877712
399 1535.4098357034222
400 1527.532519408139
401 1526.5761526581264
402 1536.3281462163127
403 1528.5650600077456
404 1539.8692949096817
405 1535.9450591925495
406 1539.7126656073149
407 1531.4268040979628
408 1544.7828494245518
409 1541.2602918533612
410 1541.2842346725456
411 1532.0223466021398
412 1534.0457478704304
413 1536.6745256126326
414 1539.7878829743995
415 1532.1430081666213
416 1535.0611592920936
417 1540.5651078509898
418 1531.565545314261
419 1536.9975014289537
420 1532.6560853487108
421 1524.2556738719584
422 1542.8099186233305
423 1531.8534816340996
424 1535.3490495447872
425 1541.7273943116247
426 1540.7759725902683
427 1537.6338527303255
428 1538.279977982402
429 1534.6736094420976
430 1528.481104700049
431 1538.8000846262244
432 1525.5299631416929
433 1537.7636473545508
434 1538.9149774557989
435 1533.84956212131
436 1539.4792841901753
437 1540.98573809522
438 1531.7729733843787
439 1533.287917819937
440 1540.0155169829732
441 1538.7076684477865
442 1534.9786348767018
443 1541.1501285469737
444 1538.5795072808644
445 1534.371905485592
446 1526.046051985783
447 1539.724313173782
448 1542.1135253117388
449 1533.2798255510231
450 1538.2017485484432
451 1528.5369400037011
452 1528.1844948263415
453 1545.1634574664506
454 1538.2202510627033
455 1541.8177817791209
456 1537.615713734632
457 1538.835788386578
458 1535.6598683273537
459 1534.0911261004194
460 1541.0712179873358
461 1533.4754566715958
462 1533.9836002479167
463 1542.3618125867504
464 1537.8887300770234
465 1535.6280836567064
466 1535.176064487398
467 1540.6607871877768
468 1540.723215393474
469 1535.5652821195868
470 1535.126529266342
471 1530.8659077341952
472 1537.564128420038
473 1536.8191357270186
474 1536.0187011730895
475 1534.9969630833236
476 1542.4594285550183
477 1535.9057986475511
478 1541.450599916737
479 1529.2804255180943
480 1531.885494452559
481 1530.617211967673
482 1534.2741339934391
483 1541.6802833286722
484 1534.2327020068967
485 1532.1881028494988
486 1536.3234383008905
487 1548.7825440070922
488 1533.93630956002
489 1534.848912499352
490 1536.7399062104748
491 1531.2691017549691
492 1546.5961730068323
493 1545.2862183648656
494 1534.4835064793074
495 1546.2209647272132
496 1536.5376802564635
497 1540.7012126951392
498 1537.3097256393287
499 1532.4099915396853
500 1540.731752169907
501 1538.7165222627982
502 1543.3324865192199
503 1547.732272971629
504 1537.8673336317113
505 1530.4260332621122
506 1540.5999042516955
507 1537.7835909927228
508 1541.6307848897504
509 1531.3270266662244
510 1535.0855382628374
511 1532.291512571152
512 1544.181159190814
513 1541.7331889433738
514 1539.49191637566
515 1546.791573533732
516 1533.5745524407405
517 1541.2691920251466
518 1541.5240507776177
519 1539.625164241596
520 1542.7615393561769
521 1542.2508338121233
522 1539.8284844766258
523 1549.647599970659
524 1541.745089590992
525 1527.3018737693237
526 1542.2202068459826
527 1537.4096917987395
528 1542.8040269387254
529 1539.5660922890977
530 1534.5722177365233
531 1540.2793033898854
532 1533.4344052701078
533 1538.761332176097
534 1532.2168109740476
535 1534.8327673312456
536 1534.939413823614
537 1531.4253823689373
538 1541.0171597233325
539 1542.6632665942777
540 1534.7266534838996
541 1536.7182948812745
542 1534.0997849520825
543 1537.8642136825563
544 1536.1548092156665
545 1537.8759773730408
546 1543.8864719413662
547 1542.9335982772486
548 1534.8868293899848
549 1529.059380405804
550 1538.350617880338
551 1545.5934471947842
552 1542.8998018748377
553 1531.1425786610157
554 1541.7654063967311
555 1534.301619563983
556 1535.775553498605
557 1531.4703659343643
558 1540.0993678833693
559 1543.2620166522208
560 1540.8472156756402
561 1540.2145515148827
562 1536.691229006678
563 1544.656835604793
564 1531.1465783912479
565 1527.8832296993946
566 1530.0050005031362
567 1539.1947127916167
568 1538.0309797823054
569 1536.1837681123845
570 1533.4602016937652
571 1538.1604888955583
572 1538.7367368301777
573 1539.2246419948794
574 1533.4310671228252
575 1539.7602644339886
576 1537.8809736863388
577 1538.8959485222563
578 1534.6833411003804
579 1544.7266313076855
580 1534.350663006558
581 1534.4478359328914
582 1529.1925849453912
583 1531.889512248146
584 1545.9293934113828
585 1532.42677515848
586 1539.6091597910322
587 1544.1857695647445
588 1543.3298855591959
589 1541.0110641367353
590 1532.8884134316618
591 1534.457790220271
592 1534.6705593151307
593 1532.1568030221463
594 1535.0538174790338
595 1532.7853517525352
596 1540.768210870159
597 1536.2177009638779
598 1534.939978045283
599 1541.810053555151
600 1541.9410589734944
601 1535.5563958296073
602 1530.0284911028227
603 1540.986551947001
604 1537.566271112845
605 1535.377927981509
606 1539.8054348604653
607 1539.521619652339
608 1543.1572445131471
609 1530.1134884991493
610 1532.0976878235176
611 1537.4829222970025
612 1534.162464242972
613 1545.4669253911754
614 1535.7442857064364
615 1538.6355028247494
616 1543.878183457448
617 1540.7502215443815
618 1536.3316388211738
619 1525.4774423376007
620 1536.6244458339102
621 1532.2644682337716
622 1533.4738828769903
623 1536.304358344946
624 1535.7054216738638
625 1537.7174606046724
626 1545.5246799969404
627 1537.4691752125711
628 1533.9673131620916
629 1540.8111616281737
630 1533.9627960943906
631 1540.145090646408
632 1536.8582227141121
633 1539.2071688751269
634 1535.6833934903552
635 1533.8225771975267
636 1540.3447894863682
637 1540.114519426063
638 1535.4614765920637
639 1536.1807166923625
640 1539.699814250763
641 1534.7914616529818
642 1541.121129837855
643 1534.0988149490058
644 1541.5196867933962
645 1541.8583394742752
646 1527.1303033779168
647 1540.3315112865407
648 1538.685968073679
649 1543.5817990009705
650 1536.0098439996575
651 1532.699299157503
652 1537.9851071177675
653 1544.8792778189525
654 1533.1992833633556
655 1536.8591608657694
656 1533.7621274458522
657 1537.394169928059
658 1541.3619457488435
659 1535.6139178938527
660 1535.4128967735849
661 1541.668984778634
662 1540.872492079545
663 1534.2660874490878
664 1537.1674212866794
665 1537.5190904618478
666 1537.20844792224
667 1535.480452764853
668 1539.0880488773005
669 1534.7240000004983
670 1535.9419538084023
671 1542.3491749852233
672 1538.370727910891
673 1543.263256964106
674 1532.688080415453
675 1544.4572408405247
676 1546.4725377343393
677 1535.9220071979848
678 1526.9928821163987
679 1545.1359086516627
680 1542.6646448237193
681 1539.7357585462978
682 1544.698005442237
683 1543.5418052216528
684 1536.033293414882
685 1548.885990040943
686 1538.3702904557713
687 1539.3823529248434
688 1532.662527871331
689 1538.5827853967169
690 1537.0044374916947
691 1526.5951657486983
692 1546.5202654913908
693 1543.1183533067085
694 1534.8616462388188
695 1543.5730657209529
696 1541.515795731527
697 1543.5654896851236
698 1544.5417865249497
699 1543.296122597332
700 1531.5975762224077
701 1537.4232012899695
702 1540.5713632452791
703 1537.6467101896735
704 1525.2313037106028
705 1543.5652551580897
706 1537.5018276289165
707 1539.2592290851728
708 1536.7143466071586
709 1529.8927380927755
710 1532.5646234778003
711 1541.5034394560494
712 1531.6282434218363
713 1540.6282000445053
714 1540.8560070577523
715 1538.6242200351712
716 1528.1120311809675
717 1535.2988176792169
718 1531.2931855086538
719 1532.0301885760402
720 1539.0096822834116
721 1542.5818567170024
722 1542.6097944605092
723 1535.183242466544
724 1537.0567915638771
725 1543.1722046441953
726 1537.7889735159783
727 1535.7703803737008
728 1537.1550860062428
729 1546.9644309495761
730 1531.0591446689298
731 1539.3150193001748
732 1538.0071881513825
733 1543.134390199773
734 1533.3294039332286
735 1532.624541098785
736 1539.2815489839768
737 1537.9217008977569
738 1543.2962505374096
739 1542.103712835951
740 1539.4159565603843
741 1538.4794945511785
742 1534.8280885780937
743 1544.2702625568763
744 1542.3280955281803
745 1533.4213730847998
746 1535.4877615933071
747 1536.8566114201271
748 1540.9923769664438
749 1530.9743108841367
750 1535.8739036583995
751 1540.1762841401355
752 1541.3978545470472
753 1546.8060896055608
754 1540.4619287211874
755 1536.295832489548
756 1531.693539749889
757 1530.842021941029
758 1536.4389832713928
759 1537.507242186271
760 1538.860096272256
761 1545.9952317659436
762 1540.5330328567961
763 1538.5970149766802
764 1541.731351963929
765 1534.4614743053971
766 1531.38670974858
767 1531.9656688099649
768 1531.5248510058693
769 1538.1990407487442
770 1536.4885457884402
771 1537.9230138780301
772 1537.3031256446382
773 1534.671995277723
774 1536.6074944725506
775 1531.8434131748645
776 1533.5845481368654
777 1530.9996108956109
778 1537.8181854660772
779 1542.2302344933946
780 1539.3970859853812
781 1542.0005758658385
782 1533.4937571149203
783 1530.847878858141
784 1535.7983232358754
785 1533.516358311743
786 1540.1102054118248
787 1537.28539372952
788 1539.9772256663025
789 1531.9210715530933
790 1539.9608000594499
791 1540.5786498645123
792 1534.2715284583924
793 1534.3495173424865
794 1533.604562690599
795 1540.7858935728957
796 1535.6533141179684
797 1540.6708450763222
798 1536.4504442982818
799 1541.3029696324309
